4294967278,132
4294967278,131
4294967278,130
4294967278,126
4294967278,124
4294967278,122
4294967278,121
4294967278,120
4294967278,115
4294967278,113
4294967278,111
4294967278,110
4294967278,108
4294967278,106
4294967278,105
4294967278,101
4294967278,99
4294967278,97
4294967278,96
4294967278,95
4294967278,94
4294967278,93
4294967278,92
4294967278,91
4294967278,87
4294967278,86
4294967278,84
4294967278,83
4294967278,82
4294967278,81
4294967278,80
4294967278,79
4294967278,78
4294967278,77
4294967278,74
4294967278,73
4294967278,71
4294967278,70
4294967278,68
4294967278,67
4294967278,66
4294967278,65
4294967278,64
4294967278,63
4294967278,62
4294967278,61
4294967278,60
4294967278,59
4294967278,58
4294967278,54
4294967278,50
4294967278,48
4294967278,47
4294967278,46
4294967278,45
4294967279,22
4294967279,19
4294967279,18
4294967279,12
4294967279,9
4294967279,8
4294967279,7
4294967279,6
4294967279,5
2,2
4294967279,4
4294967278,109
4294967278,107
4294967279,457
98,12
98,0
98,11
98,10
98,5
98,9
4294967278,44
4294967278,39
4294967278,354
4294967278,37
4294967278,375
4294967278,36
4294967278,376
4294967278,364
98,8
98,7
98,6
4294967278,181
4294967278,307
4294967294,395
4294967294,399
4294967294,186
4294967294,385
4294967294,179
4294967294,421
4294967294,398
4294967294,406
4294967294,420
4294967294,1074
4294967294,155
4294967294,116
4294967294,451
4294967294,448
4294967294,113
4294967294,410
4294967294,465
4294967279,314
4294967278,52
4294967278,306
4294967279,312
4294967278,305
4294967294,1084
4294967279,311
4294967278,49
4294967278,303
4294967279,308
101,6
101,5
101,4
101,3
101,2
101,1
4294967278,41
4294967278,298
4294967294,471
4294967279,304
4294967278,40
4294967279,303
4294967278,38
4294967279,302
4294967294,437
4294967279,427
4294967278,294
4294967278,278
4294967279,299
4294967279,25
4294967278,276
98,4
98,3
98,2
98,1
4294967278,359
4294967279,14
4294967279,15
4294967279,287
4294967279,286
96,5
4294967294,157
4294967294,1075
4294967294,1077
4294967294,1071
96,4
96,3
96,2
96,1
4294967279,284
4294967278,350
95,6
95,5
4294967294,189
4294967294,456
4294967294,457
95,4
95,3
95,2
95,1
94,5
94,4
94,3
94,2
94,1
93,4
93,3
93,2
93,1
92,5
92,4
92,3
92,2
92,1
4294967294,1080
4294967294,1421
4294967294,152
4294967279,234
4294967278,228
4294967279,228
4294967278,226
4294967279,226
4294967278,222
4294967279,222
4294967278,220
4294967278,216
4294967278,218
4294967278,336
4294967278,129
4294967278,128
4294967278,334
4294967278,127
4294967278,345
4294967278,125
4294967278,319
4294967278,123
4294967278,119
4294967278,244
4294967278,118
4294967278,242
4294967278,117
4294967278,240
4294967278,116
4294967278,251
4294967278,114
4294967278,112
4294967278,104
4294967278,103
4294967278,90
4294967278,89
4294967278,85
4294967278,76
4294967278,75
4294967278,72
4294967278,55
4294967278,53
4294967278,51
4294967278,0
4294967278,260
4294967279,402
4294967279,414
4294967279,257
4294967279,447
4294967279,243
4294967279,241
4294967279,0
4294967279,260
4294967278,102
4294967279,216
4294967279,444
4294967279,439
4294967279,440
4294967278,100
4294967279,399
4294967278,98
88,12
88,0
88,11
88,10
88,5
88,9
88,8
88,7
88,6
4294967278,186
4294967278,182
4294967278,189
4294967278,188
4294967278,187
4294967278,184
4294967278,246
4294967278,69
4294967278,356
4294967278,379
4294967279,390
4294967279,389
4294967294,396
4294967294,183
4294967294,167
4294967294,169
4294967294,108
4294967294,164
4294967294,461
4294967294,191
4294967278,317
91,6
91,5
91,4
91,3
91,2
91,1
4294967278,313
4294967278,312
4294967279,318
4294967278,57
4294967278,311
4294967279,316
4294967278,56
4294967278,310
4294967279,317
4294967294,1166
4294967278,308
4294967279,313
4294967279,309
4294967279,442
4294967278,377
4294967279,430
4294967294,89
4294967294,1158
4294967294,176
4294967278,43
4294967278,355
4294967279,306
4294967278,42
4294967278,299
4294967279,305
4294967278,297
4294967279,441
4294967278,296
88,4
88,3
88,2
88,1
4294967279,419
4294967294,472
4294967278,291
86,5
86,4
86,3
86,2
86,1
4294967278,289
4294967294,175
4294967294,412
4294967294,184
4294967279,295
4294967279,456
85,6
4294967294,1425
4294967294,1424
85,5
85,4
85,3
85,2
85,1
4294967278,284
4294967278,353
84,5
0,5
4294967294,392
4294967294,114
84,4
84,3
84,2
84,1
83,4
83,3
83,2
83,1
4294967294,187
82,5
82,4
82,3
82,2
82,1
0,7
4294967294,127
4294967294,18
4294967294,68
4294967294,11
4294967279,405
4294967278,346
4294967278,392
4294967278,344
4294967279,413
4294967294,470
4294967294,425
4294967279,253
4294967278,250
4294967279,251
4294967278,330
4294967279,245
4294967294,393
4294967294,388
4294967294,389
4294967294,120
4294967294,115
4294967294,441
4294967294,1066
4294967294,1
4294967294,0
4294967279,239
4294967294,5
4294967279,446
4294967294,17
4294967294,99
4294967294,76
4294967294,107
4294967294,50
4294967294,91
4294967294,90
4294967294,87
4294967294,86
4294967294,85
4294967294,84
4294967294,1423
4294967294,45
4294967294,429
4294967294,44
4294967294,40
4294967294,41
4294967294,38
4294967294,37
4294967294,36
4294967294,156
4294967294,29
4294967294,419
4294967294,1078
4294967294,28
4294967294,27
4294967294,1422
4294967294,26
4294967294,467
4294967294,449
4294967294,110
4294967294,180
4294967294,2
4294967294,415
4294967294,43
4294967294,53
4294967294,52
4294967294,386
4294967294,387
4294967294,46
4294967294,417
4294967294,51
4294967294,25
4294967294,39
4294967294,42
4294967294,67
4294967294,96
4294967294,94
4294967294,9
4294967294,8
4294967278,236
4294967279,236
4294967294,93
4294967294,95
